files/ref_ps.ecsv
# %ECSV 1.0
# ---
# datatype:
# - {name: time_ns, datatype: float64}
# - {name: signal_pe, datatype: float64}
# schema: astropy-2.0
time_ns signal_pe
0.0 -0.0
0.10000000149011612 0.0
0.20000000298023224 -0.0
0.30000000447034836 0.0
0.4000000059604645 -0.0
0.5000000074505806 0.0
0.6000000089406967 -0.0
0.7000000104308128 0.0
0.800000011920929 -0.0
0.9000000134110451 0.0
1.0000000149011612 -0.0
1.1000000163912773 0.0
1.2000000178813934 -0.0
1.3000000193715096 0.0
1.4000000208616257 -0.0
1.5000000223517418 0.0
1.600000023841858 -0.0
1.700000025331974 0.0
1.8000000268220901 -0.0
1.9000000283122063 0.0
2.0000000298023224 -0.0
2.1000000312924385 0.0
2.2000000327825546 -0.0
2.3000000342726707 0.0
2.400000035762787 -0.0
2.500000037252903 0.0
2.600000038743019 -0.0
2.7000000402331352 0.0
2.8000000417232513 -0.0
2.9000000432133675 0.0
3.0000000447034836 -0.0
3.1000000461935997 0.0
3.200000047683716 -0.0
3.300000049173832 0.0
3.400000050663948 -0.0
3.500000052154064 0.0
3.6000000536441803 -0.0
3.7000000551342964 0.0
3.8000000566244125 -5.960464477539063e-08
3.9000000581145287 5.960464477539062e-07
4.000000059604645 4.172325134277344e-06
4.100000061094761 9.894371032714844e-06
4.200000062584877 1.5914440155029297e-05
4.300000064074993 2.1755695343017578e-05
4.400000065565109 2.8252601623535156e-05
4.500000067055225 3.522634506225586e-05
4.6000000685453415 4.267692565917969e-05
4.700000070035458 5.066394805908203e-05
4.800000071525574 5.906820297241211e-05
4.90000007301569 6.80685043334961e-05
5.000000074505806 7.742643356323242e-05
5.100000075995922 8.791685104370117e-05
5.200000077486038 9.900331497192383e-05
5.300000078976154 0.00010973215103149414
5.4000000804662704 0.00012183189392089844
5.500000081956387 0.0001342296600341797
5.600000083446503 0.00014698505401611328
5.700000084936619 0.00016117095947265625
5.800000086426735 0.0001748800277709961
5.900000087916851 0.00018978118896484375
6.000000089406967 0.00020587444305419922
6.100000090897083 0.00022172927856445312
6.200000092387199 0.00023806095123291016
6.3000000938773155 0.00025534629821777344
6.400000095367432 0.0002739429473876953
6.500000096857548 0.00029277801513671875
6.600000098347664 0.0003120899200439453
6.70000009983778 0.0003325939178466797
6.800000101327896 0.0003535747528076172
6.900000102818012 0.00037479400634765625
7.000000104308128 0.0003972053527832031
7.1000001057982445 0.0004200935363769531
7.200000107288361 0.0004439353942871094
7.300000108778477 0.00046944618225097656
7.400000110268593 0.0004987716674804688
7.500000111758709 0.0005388259887695312
7.600000113248825 0.0005950927734375
7.700000114738941 0.00067138671875
7.800000116229057 0.0007739067077636719
7.900000117719173 0.0009069442749023438
8.00000011920929 0.00107574462890625
8.100000120699406 0.0012874603271484375
8.200000122189522 0.0015459060668945312
8.300000123679638 0.0018548965454101562
8.400000125169754 0.0022220611572265625
8.50000012665987 0.002651214599609375
8.600000128149986 0.0031490325927734375
8.700000129640102 0.003719329833984375
8.800000131130219 0.004367828369140625
8.900000132620335 0.005096435546875
9.00000013411045 0.005916595458984375
9.100000135600567 0.006832122802734375
9.200000137090683 0.007843017578125
9.300000138580799 0.0089569091796875
9.400000140070915 0.01020050048828125
9.500000141561031 0.01158905029296875
9.600000143051147 0.01314544677734375
9.700000144541264 0.01488494873046875
9.80000014603138 0.016845703125
9.900000147521496 0.0190277099609375
10.000000149011612 0.021484375
10.100000150501728 0.0242156982421875
10.200000151991844 0.0272369384765625
10.30000015348196 0.0305938720703125
10.400000154972076 0.0343017578125
10.500000156462193 0.038360595703125
10.600000157952309 0.042816162109375
10.700000159442425 0.04766845703125
10.800000160932541 0.052947998046875
10.900000162422657 0.058685302734375
11.000000163912773 0.06488037109375
11.10000016540289 0.071533203125
11.200000166893005 0.0787353515625
11.300000168383121 0.08642578125
11.400000169873238 0.0946044921875
11.500000171363354 0.1033935546875
11.60000017285347 0.1126708984375
11.700000174343586 0.12249755859375
11.800000175833702 0.1328125
11.900000177323818 0.1434326171875
12.000000178813934 0.154541015625
12.10000018030405 0.166015625
12.200000181794167 0.177734375
12.300000183284283 0.189697265625
12.400000184774399 0.2021484375
12.500000186264515 0.2149658203125
12.600000187754631 0.2283935546875
12.700000189244747 0.24267578125
12.800000190734863 0.2578125
12.90000019222498 0.273681640625
13.000000193715096 0.2900390625
13.100000195205212 0.306640625
13.200000196695328 0.323486328125
13.300000198185444 0.34033203125
13.40000019967556 0.35693359375
13.500000201165676 0.374267578125
13.600000202655792 0.391845703125
13.700000204145908 0.409912109375
13.800000205636024 0.42822265625
13.90000020712614 0.44677734375
14.000000208616257 0.465576171875
14.100000210106373 0.48388671875
14.200000211596489 0.501953125
14.300000213086605 0.51953125
14.400000214576721 0.53662109375
14.500000216066837 0.5537109375
14.600000217556953 0.57080078125
14.70000021904707 0.587890625
14.800000220537186 0.60498046875
14.900000222027302 0.62158203125
15.000000223517418 0.638671875
15.100000225007534 0.6552734375
15.20000022649765 0.671875
15.300000227987766 0.68798828125
15.400000229477882 0.7041015625
15.500000230967999 0.7197265625
15.600000232458115 0.7353515625
15.70000023394823 0.75
15.800000235438347 0.76416015625
15.900000236928463 0.77783203125
16.00000023841858 0.791015625
16.100000239908695 0.8037109375
16.20000024139881 0.8154296875
16.300000242888927 0.82666015625
16.400000244379044 0.837890625
16.50000024586916 0.8486328125
16.600000247359276 0.85888671875
16.700000248849392 0.869140625
16.800000250339508 0.87939453125
16.900000251829624 0.8896484375
17.00000025331974 0.8994140625
17.100000254809856 0.90869140625
17.200000256299973 0.9169921875
17.30000025779009 0.92529296875
17.400000259280205 0.9326171875
17.50000026077032 0.93994140625
17.600000262260437 0.9462890625
17.700000263750553 0.953125
17.80000026524067 0.958984375
17.900000266730785 0.96484375
18.0000002682209 0.9697265625
18.100000269711018 0.974609375
18.200000271201134 0.97900390625
18.30000027269125 0.982421875
18.400000274181366 0.9853515625
18.500000275671482 0.98828125
18.600000277161598 0.990234375
18.700000278651714 0.9921875
18.80000028014183 0.994140625
18.900000281631947 0.99560546875
19.000000283122063 0.99658203125
19.10000028461218 0.99755859375
19.200000286102295 0.99853515625
19.30000028759241 0.99951171875
19.400000289082527 0.99951171875
19.500000290572643 0.99951171875
19.60000029206276 0.99951171875
19.700000293552876 0.99853515625
19.80000029504299 0.99755859375
19.900000296533108 0.99658203125
20.000000298023224 0.99462890625
20.10000029951334 0.9931640625
20.200000301003456 0.99072265625
20.300000302493572 0.98876953125
20.40000030398369 0.986328125
20.500000305473804 0.98388671875
20.60000030696392 0.98095703125
20.700000308454037 0.97802734375
20.800000309944153 0.97509765625
20.90000031143427 0.97216796875
21.000000312924385 0.96875
21.1000003144145 0.96533203125
21.200000315904617 0.96142578125
21.300000317394733 0.9580078125
21.40000031888485 0.9541015625
21.500000320374966 0.9501953125
21.600000321865082 0.94580078125
21.700000323355198 0.94140625
21.800000324845314 0.93701171875
21.90000032633543 0.9326171875
22.000000327825546 0.92822265625
22.100000329315662 0.92333984375
22.20000033080578 0.91845703125
22.300000332295895 0.91357421875
22.40000033378601 0.90869140625
22.500000335276127 0.90380859375
22.600000336766243 0.8984375
22.70000033825636 0.8935546875
22.800000339746475 0.88818359375
22.90000034123659 0.88330078125
23.000000342726707 0.8779296875
23.100000344216824 0.873046875
23.20000034570694 0.86767578125
23.300000347197056 0.8623046875
23.400000348687172 0.857421875
23.500000350177288 0.85205078125
23.600000351667404 0.8466796875
23.70000035315752 0.84130859375
23.800000354647636 0.83642578125
23.900000356137753 0.8310546875
24.00000035762787 0.82568359375
24.100000359117985 0.8203125
24.2000003606081 0.81494140625
24.300000362098217 0.8095703125
24.400000363588333 0.8046875
24.50000036507845 0.79931640625
24.600000366568565 0.7939453125
24.70000036805868 0.78857421875
24.800000369548798 0.783203125
24.900000371038914 0.7783203125
25.00000037252903 0.77294921875
25.100000374019146 0.767578125
25.200000375509262 0.7626953125
25.300000376999378 0.75732421875
25.400000378489494 0.751953125
25.50000037997961 0.7470703125
25.600000381469727 0.74169921875
25.700000382959843 0.73681640625
25.80000038444996 0.7314453125
25.900000385940075 0.7265625
26.00000038743019 0.7216796875
26.100000388920307 0.71630859375
26.200000390410423 0.71142578125
26.30000039190054 0.70654296875
26.400000393390656 0.70166015625
26.50000039488077 0.69677734375
26.600000396370888 0.69189453125
26.700000397861004 0.68701171875
26.80000039935112 0.68212890625
26.900000400841236 0.677734375
27.000000402331352 0.6728515625
27.10000040382147 0.66845703125
27.200000405311584 0.66357421875
27.3000004068017 0.6591796875
27.400000408291817 0.65478515625
27.500000409781933 0.64990234375
27.60000041127205 0.6455078125
27.700000412762165 0.64111328125
27.80000041425228 0.63671875
27.900000415742397 0.63232421875
28.000000417232513 0.62841796875
28.10000041872263 0.6240234375
28.200000420212746 0.61962890625
28.300000421702862 0.61572265625
28.400000423192978 0.611328125
28.500000424683094 0.607421875
28.60000042617321 0.60302734375
28.700000427663326 0.59912109375
28.800000429153442 0.59521484375
28.90000043064356 0.5908203125
29.000000432133675 0.5869140625
29.10000043362379 0.5830078125
29.200000435113907 0.5791015625
29.300000436604023 0.5751953125
29.40000043809414 0.5712890625
29.500000439584255 0.5673828125
29.60000044107437 0.5634765625
29.700000442564487 0.5595703125
29.800000444054604 0.55615234375
29.90000044554472 0.55224609375
30.000000447034836 0.54833984375
30.100000448524952 0.544921875
30.200000450015068 0.541015625
30.300000451505184 0.53759765625
30.4000004529953 0.53369140625
30.500000454485416 0.5302734375
30.600000455975533 0.5263671875
30.70000045746565 0.52294921875
30.800000458955765 0.51953125
30.90000046044588 0.51611328125
31.000000461935997 0.51220703125
31.100000463426113 0.5087890625
31.20000046491623 0.50537109375
31.300000466406345 0.501953125
31.40000046789646 0.498779296875
31.500000469386578 0.495361328125
31.600000470876694 0.491943359375
31.70000047236681 0.48876953125
31.800000473856926 0.4853515625
31.900000475347042 0.482177734375
32.00000047683716 0.478759765625
32.100000478327274 0.4755859375
32.20000047981739 0.472412109375
32.30000048130751 0.468994140625
32.40000048279762 0.4658203125
32.50000048428774 0.462646484375
32.600000485777855 0.45947265625
32.70000048726797 0.45654296875
32.80000048875809 0.453369140625
32.9000004902482 0.4501953125
33.00000049173832 0.447265625
33.100000493228436 0.444091796875
33.20000049471855 0.441162109375
33.30000049620867 0.438232421875
33.400000497698784 0.43505859375
33.5000004991889 0.43212890625
33.600000500679016 0.42919921875
33.70000050216913 0.42626953125
33.80000050365925 0.42333984375
33.900000505149364 0.420654296875
34.00000050663948 0.417724609375
34.1000005081296 0.414794921875
34.20000050961971 0.412109375
34.30000051110983 0.4091796875
34.400000512599945 0.406494140625
34.50000051409006 0.40380859375
34.60000051558018 0.401123046875
34.70000051707029 0.398193359375
34.80000051856041 0.3955078125
34.900000520050526 0.392822265625
35.00000052154064 0.39013671875
35.10000052303076 0.3876953125
35.200000524520874 0.385009765625
35.30000052601099 0.38232421875
35.400000527501106 0.3798828125
35.50000052899122 0.377197265625
35.60000053048134 0.374755859375
35.700000531971455 0.3720703125
35.80000053346157 0.36962890625
35.90000053495169 0.3671875
36.0000005364418 0.36474609375
36.10000053793192 0.3623046875
36.200000539422035 0.35986328125
36.30000054091215 0.357421875
36.40000054240227 0.35498046875
36.500000543892384 0.3525390625
36.6000005453825 0.350341796875
36.700000546872616 0.347900390625
36.80000054836273 0.345703125
36.90000054985285 0.34326171875
37.000000551342964 0.341064453125
37.10000055283308 0.3388671875
37.200000554323196 0.33642578125
37.30000055581331 0.334228515625
37.40000055730343 0.33203125
37.500000558793545 0.329833984375
37.60000056028366 0.32763671875
37.70000056177378 0.325439453125
37.80000056326389 0.3232421875
37.90000056475401 0.3212890625
38.000000566244125 0.319091796875
38.10000056773424 0.31689453125
38.20000056922436 0.31494140625
38.300000570714474 0.312744140625
38.40000057220459 0.310791015625
38.500000573694706 0.30859375
38.60000057518482 0.306640625
38.70000057667494 0.3046875
38.800000578165054 0.302734375
38.90000057965517 0.300537109375
39.00000058114529 0.298583984375
39.1000005826354 0.296630859375
39.20000058412552 0.294677734375
39.300000585615635 0.292724609375
39.40000058710575 0.290771484375
39.50000058859587 0.2890625
39.60000059008598 0.287109375
39.7000005915761 0.28515625
39.800000593066216 0.283447265625
39.90000059455633 0.281494140625
40.00000059604645 0.279541015625
40.100000597536564 0.27783203125
40.20000059902668 0.27587890625
40.300000600516796 0.274169921875
40.40000060200691 0.2724609375
40.50000060349703 0.2705078125
40.600000604987144 0.268798828125
40.70000060647726 0.26708984375
40.80000060796738 0.265380859375
40.90000060945749 0.263671875
41.00000061094761 0.261962890625
41.100000612437725 0.26025390625
41.20000061392784 0.258544921875
41.30000061541796 0.2568359375
41.40000061690807 0.255126953125
41.50000061839819 0.25341796875
41.600000619888306 0.251708984375
41.70000062137842 0.25
41.80000062286854 0.24853515625
41.900000624358654 0.2469482421875
42.00000062584877 0.2452392578125
42.100000627338886 0.24365234375
42.200000628829 0.2420654296875
42.30000063031912 0.240478515625
42.400000631809235 0.2388916015625
42.50000063329935 0.2373046875
42.60000063478947 0.23583984375
42.70000063627958 0.2342529296875
42.8000006377697 0.2327880859375
42.900000639259815 0.231201171875
43.00000064074993 0.229736328125
43.10000064224005 0.2281494140625
43.200000643730164 0.2266845703125
43.30000064522028 0.2252197265625
43.400000646710396 0.2237548828125
43.50000064820051 0.2222900390625
43.60000064969063 0.2208251953125
43.700000651180744 0.2193603515625
43.80000065267086 0.2178955078125
43.900000654160976 0.2164306640625
44.00000065565109 0.2149658203125
44.10000065714121 0.213623046875
44.200000658631325 0.212158203125
44.30000066012144 0.2108154296875
44.40000066161156 0.2093505859375
44.50000066310167 0.2080078125
44.60000066459179 0.20654296875
44.700000666081905 0.2052001953125
44.80000066757202 0.203857421875
44.90000066906214 0.2025146484375
45.000000670552254 0.201171875
45.10000067204237 0.1998291015625
45.200000673532486 0.198486328125
45.3000006750226 0.1971435546875
45.40000067651272 0.19580078125
45.500000678002834 0.194580078125
45.60000067949295 0.1932373046875
45.70000068098307 0.19189453125
45.80000068247318 0.190673828125
45.9000006839633 0.1893310546875
46.000000685453415 0.1881103515625
46.10000068694353 0.1868896484375
46.20000068843365 0.185546875
46.30000068992376 0.184326171875
46.40000069141388 0.18310546875
46.500000692903996 0.181884765625
46.60000069439411 0.1806640625
46.70000069588423 0.179443359375
46.800000697374344 0.17822265625
46.90000069886446 0.177001953125
47.000000700354576 0.17578125
47.10000070184469 0.1746826171875
47.20000070333481 0.1734619140625
47.300000704824924 0.1722412109375
47.40000070631504 0.171142578125
47.50000070780516 0.1700439453125
47.60000070929527 0.1688232421875
47.70000071078539 0.167724609375
47.800000712275505 0.1666259765625
47.90000071376562 0.1654052734375
48.00000071525574 0.164306640625
48.10000071674585 0.1632080078125
48.20000071823597 0.162109375
48.300000719726086 0.1611328125
48.4000007212162 0.1600341796875
48.50000072270632 0.158935546875
48.600000724196434 0.1578369140625
48.70000072568655 0.1568603515625
48.800000727176666 0.15576171875
48.90000072866678 0.15478515625
49.0000007301569 0.1536865234375
