files/ref_ps.ecsv
# %ECSV 1.0
# ---
# datatype:
# - {name: time_ns, datatype: float64}
# - {name: signal_pe, datatype: float64}
# schema: astropy-2.0
time_ns signal_pe
[from data line 948]
94.80000141263008 0.01134490966796875
94.9000014141202 0.01128387451171875
95.00000141561031 0.01122283935546875
95.10000141710043 0.01116180419921875
95.20000141859055 0.01110076904296875
95.30000142008066 0.01103973388671875
95.40000142157078 0.01097869873046875
95.5000014230609 0.01091766357421875
95.60000142455101 0.01085662841796875
95.70000142604113 0.01079559326171875
95.80000142753124 0.01073455810546875
95.90000142902136 0.01067352294921875
96.00000143051147 0.01061248779296875
96.10000143200159 0.01055145263671875
96.2000014334917 0.01049041748046875
96.30000143498182 0.01042938232421875
96.40000143647194 0.01036834716796875
96.50000143796206 0.01030731201171875
96.60000143945217 0.01024627685546875
96.70000144094229 0.01018524169921875
96.8000014424324 0.0101318359375
96.90000144392252 0.01007080078125
97.00000144541264 0.010009765625
97.10000144690275 0.00994873046875
97.20000144839287 0.0098876953125
97.30000144988298 0.00982666015625
97.4000014513731 0.009765625
97.50000145286322 0.00970458984375
97.60000145435333 0.0096435546875
97.70000145584345 0.00958251953125
97.80000145733356 0.00952911376953125
97.90000145882368 0.00946807861328125
98.0000014603138 0.00940704345703125
98.10000146180391 0.00934600830078125
98.20000146329403 0.00928497314453125
98.30000146478415 0.00922393798828125
98.40000146627426 0.00916290283203125
98.50000146776438 0.00910186767578125
98.6000014692545 0.0090484619140625
98.70000147074461 0.0089874267578125
98.80000147223473 0.0089263916015625
98.90000147372484 0.0088653564453125
99.00000147521496 0.0088043212890625
99.10000147670507 0.00875091552734375
99.20000147819519 0.00868988037109375
99.3000014796853 0.00862884521484375
99.40000148117542 0.00856781005859375
99.50000148266554 0.008514404296875
99.60000148415565 0.008453369140625
99.70000148564577 0.008392333984375
99.80000148713589 0.008331298828125
99.900001488626 0.00827789306640625
100.00000149011612 0.00821685791015625
100.10000149160624 0.00815582275390625
100.20000149309635 0.0081024169921875
100.30000149458647 0.0080413818359375
100.40000149607658 0.00798797607421875
100.5000014975667 0.00792694091796875
100.60000149905682 0.00786590576171875
100.70000150054693 0.0078125
100.80000150203705 0.007755279541015625
100.90000150352716 0.00769805908203125
101.00000150501728 0.007640838623046875
101.1000015065074 0.0075836181640625
101.20000150799751 0.00753021240234375
101.30000150948763 0.007472991943359375
101.40000151097775 0.007415771484375
101.50000151246786 0.007358551025390625
101.60000151395798 0.007305145263671875
101.7000015154481 0.0072479248046875
101.80000151693821 0.007190704345703125
101.90000151842833 0.007137298583984375
102.00000151991844 0.007080078125
102.10000152140856 0.00702667236328125
102.20000152289867 0.0069732666015625
102.30000152438879 0.006916046142578125
102.4000015258789 0.006862640380859375
102.50000152736902 0.006809234619140625
102.60000152885914 0.006755828857421875
102.70000153034925 0.006702423095703125
102.80000153183937 0.006649017333984375
102.90000153332949 0.006595611572265625
103.0000015348196 0.006542205810546875
103.10000153630972 0.006488800048828125
103.20000153779984 0.006435394287109375
103.30000153928995 0.00638580322265625
103.40000154078007 0.0063323974609375
103.50000154227018 0.006282806396484375
103.6000015437603 0.006229400634765625
103.70000154525042 0.0061798095703125
103.80000154674053 0.006130218505859375
103.90000154823065 0.006076812744140625
104.00000154972076 0.0060272216796875
104.10000155121088 0.005977630615234375
104.200001552701 0.00592803955078125
104.30000155419111 0.005878448486328125
104.40000155568123 0.005832672119140625
104.50000155717134 0.0057830810546875
104.60000155866146 0.005733489990234375
104.70000156015158 0.005687713623046875
104.8000015616417 0.00563812255859375
104.90000156313181 0.00559234619140625
105.00000156462193 0.00554656982421875
105.10000156611204 0.005496978759765625
105.20000156760216 0.005451202392578125
105.30000156909227 0.005405426025390625
105.40000157058239 0.005359649658203125
105.5000015720725 0.00531768798828125
105.60000157356262 0.00527191162109375
105.70000157505274 0.00522613525390625
105.80000157654285 0.005184173583984375
105.90000157803297 0.005138397216796875
106.00000157952309 0.005096435546875
106.1000015810132 0.005054473876953125
106.20000158250332 0.00501251220703125
106.30000158399343 0.004970550537109375
106.40000158548355 0.0049285888671875
106.50000158697367 0.004886627197265625
106.60000158846378 0.00484466552734375
106.7000015899539 0.0048065185546875
106.80000159144402 0.004764556884765625
106.90000159293413 0.004726409912109375
107.00000159442425 0.004688262939453125
107.10000159591436 0.004650115966796875
107.20000159740448 0.004611968994140625
107.3000015988946 0.004573822021484375
107.40000160038471 0.004535675048828125
107.50000160187483 0.004497528076171875
107.60000160336494 0.00446319580078125
107.70000160485506 0.004428863525390625
107.80000160634518 0.004390716552734375
107.90000160783529 0.00435638427734375
108.00000160932541 0.004322052001953125
108.10000161081553 0.0042877197265625
108.20000161230564 0.004253387451171875
108.30000161379576 0.004222869873046875
108.40000161528587 0.00418853759765625
108.50000161677599 0.00415802001953125
108.6000016182661 0.00412750244140625
108.70000161975622 0.004093170166015625
108.80000162124634 0.004062652587890625
108.90000162273645 0.00403594970703125
109.00000162422657 0.00400543212890625
109.10000162571669 0.00397491455078125
109.2000016272068 0.003948211669921875
109.30000162869692 0.0039215087890625
109.40000163018703 0.0038928985595703125
109.50000163167715 0.0038661956787109375
109.60000163316727 0.0038394927978515625
109.70000163465738 0.003814697265625
109.8000016361475 0.0037899017333984375
109.90000163763762 0.003765106201171875
110.00000163912773 0.0037403106689453125
110.10000164061785 0.0037174224853515625
110.20000164210796 0.0036945343017578125
110.30000164359808 0.0036716461181640625
110.4000016450882 0.003650665283203125
110.50000164657831 0.0036296844482421875
110.60000164806843 0.00360870361328125
110.70000164955854 0.003589630126953125
110.80000165104866 0.003570556640625
110.90000165253878 0.003551483154296875
111.00000165402889 0.00353240966796875
111.10000165551901 0.0035152435302734375
111.20000165700912 0.003498077392578125
111.30000165849924 0.003482818603515625
111.40000165998936 0.003467559814453125
111.50000166147947 0.003452301025390625
111.60000166296959 0.0034389495849609375
111.7000016644597 0.0034236907958984375
111.80000166594982 0.0034122467041015625
111.90000166743994 0.003398895263671875
112.00000166893005 0.003387451171875
112.10000167042017 0.003376007080078125
112.20000167191029 0.00336456298828125
112.3000016734004 0.00335693359375
112.40000167489052 0.0033473968505859375
112.50000167638063 0.003337860107421875
112.60000167787075 0.0033321380615234375
112.70000167936087 0.0033245086669921875
112.80000168085098 0.0033168792724609375
112.9000016823411 0.0033130645751953125
113.00000168383121 0.003307342529296875
113.10000168532133 0.00330352783203125
113.20000168681145 0.003299713134765625
113.30000168830156 0.0032978057861328125
113.40000168979168 0.0032939910888671875
113.5000016912818 0.0032939910888671875
113.60000169277191 0.003292083740234375
113.70000169426203 0.003292083740234375
113.80000169575214 0.0032901763916015625
113.90000169724226 0.00328826904296875
114.00000169873238 0.00328826904296875
114.10000170022249 0.0032863616943359375
114.20000170171261 0.003284454345703125
114.30000170320272 0.0032825469970703125
114.40000170469284 0.0032787322998046875
114.50000170618296 0.003276824951171875
114.60000170767307 0.0032749176025390625
114.70000170916319 0.0032711029052734375
114.8000017106533 0.003269195556640625
114.90000171214342 0.003265380859375
115.00000171363354 0.003261566162109375
115.10000171512365 0.00325775146484375
115.20000171661377 0.0032558441162109375
115.30000171810389 0.0032520294189453125
115.400001719594 0.003246307373046875
115.50000172108412 0.00324249267578125
115.60000172257423 0.003238677978515625
115.70000172406435 0.0032329559326171875
115.80000172555447 0.0032291412353515625
115.90000172704458 0.003223419189453125
116.0000017285347 0.0032196044921875
116.10000173002481 0.0032138824462890625
116.20000173151493 0.003208160400390625
116.30000173300505 0.0032024383544921875
116.40000173449516 0.00319671630859375
116.50000173598528 0.0031909942626953125
116.6000017374754 0.003185272216796875
116.70000173896551 0.0031795501708984375
116.80000174045563 0.003173828125
116.90000174194574 0.00316619873046875
117.00000174343586 0.0031604766845703125
117.10000174492598 0.0031528472900390625
117.20000174641609 0.003147125244140625
117.30000174790621 0.003139495849609375
117.40000174939632 0.003131866455078125
117.50000175088644 0.003124237060546875
117.60000175237656 0.003116607666015625
117.70000175386667 0.003108978271484375
117.80000175535679 0.003101348876953125
117.9000017568469 0.003093719482421875
118.00000175833702 0.003086090087890625
118.10000175982714 0.003078460693359375
118.20000176131725 0.0030689239501953125
118.30000176280737 0.0030612945556640625
118.40000176429749 0.0030517578125
118.5000017657876 0.00304412841796875
118.60000176727772 0.0030345916748046875
118.70000176876783 0.003025054931640625
118.80000177025795 0.003017425537109375
118.90000177174807 0.0030078887939453125
119.00000177323818 0.00299835205078125
119.1000017747283 0.0029888153076171875
119.20000177621841 0.002979278564453125
119.30000177770853 0.0029697418212890625
119.40000177919865 0.002960205078125
119.50000178068876 0.002948760986328125
119.60000178217888 0.0029392242431640625
119.700001783669 0.0029296875
119.80000178515911 0.002918243408203125
119.90000178664923 0.0029087066650390625
120.00000178813934 0.0028972625732421875
120.10000178962946 0.002887725830078125
120.20000179111958 0.00287628173828125
120.30000179260969 0.002864837646484375
120.40000179409981 0.0028533935546875
120.50000179558992 0.0028438568115234375
120.60000179708004 0.0028324127197265625
120.70000179857016 0.0028209686279296875
120.80000180006027 0.0028095245361328125
120.90000180155039 0.0027980804443359375
121.0000018030405 0.0027866363525390625
121.10000180453062 0.0027751922607421875
121.20000180602074 0.0027618408203125
121.30000180751085 0.002750396728515625
121.40000180900097 0.00273895263671875
121.50000181049109 0.0027256011962890625
121.6000018119812 0.0027141571044921875
121.70000181347132 0.0027027130126953125
121.80000181496143 0.002689361572265625
121.90000181645155 0.00267791748046875
122.00000181794167 0.0026645660400390625
122.10000181943178 0.002651214599609375
122.2000018209219 0.0026397705078125
122.30000182241201 0.0026264190673828125
122.40000182390213 0.002613067626953125
122.50000182539225 0.0025997161865234375
122.60000182688236 0.00258636474609375
122.70000182837248 0.002574920654296875
122.8000018298626 0.0025615692138671875
122.90000183135271 0.0025482177734375
123.00000183284283 0.0025348663330078125
123.10000183433294 0.002521514892578125
123.20000183582306 0.002506256103515625
123.30000183731318 0.0024929046630859375
123.40000183880329 0.00247955322265625
123.50000184029341 0.0024662017822265625
123.60000184178352 0.002452850341796875
123.70000184327364 0.002437591552734375
123.80000184476376 0.0024242401123046875
123.90000184625387 0.002410888671875
124.00000184774399 0.0023956298828125
124.1000018492341 0.0023822784423828125
124.20000185072422 0.002368927001953125
124.30000185221434 0.002353668212890625
124.40000185370445 0.0023403167724609375
124.50000185519457 0.0023250579833984375
124.60000185668468 0.0023097991943359375
124.7000018581748 0.00229644775390625
124.80000185966492 0.00228118896484375
124.90000186115503 0.0022678375244140625
125.00000186264515 0.0022525787353515625
125.10000186413527 0.0022373199462890625
125.20000186562538 0.002223968505859375
125.3000018671155 0.002208709716796875
125.40000186860561 0.002193450927734375
125.50000187009573 0.002178192138671875
125.60000187158585 0.002162933349609375
125.70000187307596 0.0021495819091796875
125.80000187456608 0.0021343231201171875
125.9000018760562 0.0021190643310546875
126.00000187754631 0.0021038055419921875
126.10000187903643 0.0020885467529296875
126.20000188052654 0.0020732879638671875
126.30000188201666 0.0020580291748046875
126.40000188350677 0.0020427703857421875
126.50000188499689 0.0020275115966796875
126.60000188648701 0.0020122528076171875
126.70000188797712 0.0019969940185546875
126.80000188946724 0.0019817352294921875
126.90000189095736 0.0019664764404296875
127.00000189244747 0.0019512176513671875
127.10000189393759 0.0019359588623046875
127.2000018954277 0.0019207000732421875
127.30000189691782 0.0019054412841796875
127.40000189840794 0.0018892288208007812
127.50000189989805 0.0018739700317382812
127.60000190138817 0.0018587112426757812
127.70000190287828 0.0018434524536132812
127.8000019043684 0.001827239990234375
127.90000190585852 0.001811981201171875
128.00000190734863 0.001796722412109375
128.10000190883875 0.0017805099487304688
128.20000191032887 0.0017652511596679688
128.30000191181898 0.0017490386962890625
128.4000019133091 0.0017337799072265625
128.5000019147992 0.0017185211181640625
128.60000191628933 0.0017023086547851562
128.70000191777945 0.0016870498657226562
128.80000191926956 0.00167083740234375
128.90000192075968 0.00165557861328125
129.0000019222498 0.00164031982421875
129.1000019237399 0.0016241073608398438
129.20000192523003 0.0016088485717773438
129.30000192672014 0.0015926361083984375
129.40000192821026 0.0015773773193359375
129.50000192970037 0.0015621185302734375
129.6000019311905 0.0015459060668945312
129.7000019326806 0.0015306472778320312
129.80000193417072 0.0015153884887695312
129.90000193566084 0.001499176025390625
130.00000193715096 0.001483917236328125
130.10000193864107 0.001468658447265625
130.2000019401312 0.0014524459838867188
130.3000019416213 0.0014371871948242188
130.40000194311142 0.0014219284057617188
130.50000194460154 0.0014057159423828125
130.60000194609165 0.0013904571533203125
130.70000194758177 0.0013751983642578125
130.80000194907188 0.0013599395751953125
130.900001950562 0.0013446807861328125
131.00000195205212 0.0013284683227539062
131.10000195354223 0.0013132095336914062
131.20000195503235 0.0012979507446289062
131.30000195652246 0.0012826919555664062
131.40000195801258 0.0012674331665039062
131.5000019595027 0.0012521743774414062
131.6000019609928 0.0012369155883789062
131.70000196248293 0.0012216567993164062
131.80000196397305 0.0012063980102539062
131.90000196546316 0.0011911392211914062
132.00000196695328 0.0011768341064453125
132.1000019684434 0.0011615753173828125
132.2000019699335 0.0011463165283203125
132.30000197142363 0.0011310577392578125
132.40000197291374 0.0011167526245117188
132.50000197440386 0.0011014938354492188
132.60000197589397 0.001087188720703125
132.7000019773841 0.001071929931640625
132.8000019788742 0.0010576248168945312
132.90000198036432 0.0010423660278320312
133.00000198185444 0.0010280609130859375
133.10000198334455 0.0010137557983398438
133.20000198483467 0.0009984970092773438
133.3000019863248 0.00098419189453125
133.4000019878149 0.0009703636169433594
133.50000198930502 0.0009555816650390625
133.60000199079514 0.0009412765502929688
133.70000199228525 0.000926971435546875
133.80000199377537 0.0009131431579589844
133.90000199526548 0.0008988380432128906
134.0000019967556 0.0008845329284667969
134.10000199824572 0.0008707046508789062
134.20000199973583 0.0008568763732910156
134.30000200122595 0.000843048095703125
134.40000200271606 0.0008292198181152344
134.50000200420618 0.0008153915405273438
134.6000020056963 0.0008015632629394531
134.7000020071864 0.0007882118225097656
134.80000200867653 0.000774383544921875
134.90000201016665 0.0007610321044921875
135.00000201165676 0.0007476806640625
135.10000201314688 0.0007343292236328125
135.200002014637 0.000720977783203125
