files/ref_ps.ecsv
# %ECSV 1.0
# ---
# datatype:
# - {name: time_ns, datatype: float64}
# - {name: signal_pe, datatype: float64}
# schema: astropy-2.0
time_ns signal_pe
[from data line 492]
49.20000073313713 0.1517333984375
49.30000073462725 0.1507568359375
49.40000073611736 0.149658203125
49.50000073760748 0.148681640625
49.600000739097595 0.147705078125
49.70000074058771 0.146728515625
49.80000074207783 0.1458740234375
49.900000743567944 0.1448974609375
50.00000074505806 0.1439208984375
50.100000746548176 0.1429443359375
50.20000074803829 0.14208984375
50.30000074952841 0.14111328125
50.400000751018524 0.1402587890625
50.50000075250864 0.139404296875
50.600000753998756 0.138427734375
50.70000075548887 0.1375732421875
50.80000075697899 0.13671875
50.900000758469105 0.1357421875
51.00000075995922 0.1348876953125
51.10000076144934 0.134033203125
51.20000076293945 0.1331787109375
51.30000076442957 0.13232421875
51.400000765919685 0.131591796875
51.5000007674098 0.1307373046875
51.60000076889992 0.1298828125
51.700000770390034 0.1290283203125
51.80000077188015 0.1282958984375
51.900000773370266 0.12744140625
52.00000077486038 0.1265869140625
52.1000007763505 0.1258544921875
52.200000777840614 0.125
52.30000077933073 0.124267578125
52.40000078082085 0.12353515625
52.50000078231096 0.12274169921875
52.60000078380108 0.1219482421875
52.700000785291195 0.1212158203125
52.80000078678131 0.12042236328125
52.90000078827143 0.11968994140625
53.00000078976154 0.11895751953125
53.10000079125166 0.11822509765625
53.200000792741776 0.11749267578125
53.30000079423189 0.11676025390625
53.40000079572201 0.11602783203125
53.500000797212124 0.11529541015625
53.60000079870224 0.11456298828125
53.700000800192356 0.11383056640625
53.80000080168247 0.1131591796875
53.90000080317259 0.1124267578125
54.000000804662704 0.11175537109375
54.10000080615282 0.11102294921875
54.20000080764294 0.1103515625
54.30000080913305 0.10968017578125
54.40000081062317 0.10894775390625
54.500000812113285 0.1082763671875
54.6000008136034 0.10760498046875
54.70000081509352 0.10693359375
54.80000081658363 0.10626220703125
54.90000081807375 0.1055908203125
55.000000819563866 0.10498046875
55.10000082105398 0.10430908203125
55.2000008225441 0.1036376953125
55.300000824034214 0.10302734375
55.40000082552433 0.10235595703125
55.500000827014446 0.10174560546875
55.60000082850456 0.10107421875
55.70000082999468 0.1004638671875
55.800000831484795 0.09979248046875
55.90000083297491 0.09918212890625
56.00000083446503 0.09857177734375
56.10000083595514 0.09796142578125
56.20000083744526 0.09735107421875
56.300000838935375 0.09674072265625
56.40000084042549 0.09613037109375
56.50000084191561 0.09552001953125
56.600000843405724 0.09490966796875
56.70000084489584 0.09429931640625
56.800000846385956 0.09368896484375
56.90000084787607 0.0931396484375
57.00000084936619 0.092529296875
57.100000850856304 0.0919189453125
57.20000085234642 0.09136962890625
57.300000853836536 0.09075927734375
57.40000085532665 0.0902099609375
57.50000085681677 0.089599609375
57.600000858306885 0.08905029296875
57.700000859797 0.0885009765625
57.80000086128712 0.08795166015625
57.90000086277723 0.08734130859375
58.00000086426735 0.0867919921875
58.100000865757465 0.08624267578125
58.20000086724758 0.085693359375
58.3000008687377 0.08514404296875
58.400000870227814 0.0845947265625
58.50000087171793 0.08404541015625
58.600000873208046 0.08349609375
58.70000087469816 0.08294677734375
58.80000087618828 0.0823974609375
58.900000877678394 0.0819091796875
59.00000087916851 0.08135986328125
59.10000088065863 0.080810546875
59.20000088214874 0.08026123046875
59.30000088363886 0.07977294921875
59.400000885128975 0.0792236328125
59.50000088661909 0.0787353515625
59.60000088810921 0.07818603515625
59.70000088959932 0.07769775390625
59.80000089108944 0.07720947265625
59.900000892579556 0.07666015625
60.00000089406967 0.076171875
60.10000089555979 0.07568359375
60.200000897049904 0.0751953125
60.30000089854002 0.07470703125
60.400000900030136 0.07421875
60.50000090152025 0.07373046875
60.60000090301037 0.0732421875
60.700000904500484 0.07275390625
60.8000009059906 0.072265625
60.90000090748072 0.07183837890625
61.00000090897083 0.07135009765625
61.10000091046095 0.07086181640625
61.200000911951065 0.0704345703125
61.30000091344118 0.0699462890625
61.4000009149313 0.06951904296875
61.50000091642141 0.069091796875
61.60000091791153 0.068603515625
61.700000919401646 0.06817626953125
61.80000092089176 0.0677490234375
61.90000092238188 0.06732177734375
62.000000923871994 0.06689453125
62.10000092536211 0.06646728515625
62.200000926852226 0.0660400390625
62.30000092834234 0.06561279296875
62.40000092983246 0.065185546875
62.500000931322575 0.0648193359375
62.60000093281269 0.06439208984375
62.70000093430281 0.06396484375
62.80000093579292 0.0635986328125
62.90000093728304 0.06317138671875
63.000000938773155 0.06280517578125
63.10000094026327 0.06243896484375
63.20000094175339 0.06207275390625
63.300000943243504 0.061676025390625
63.40000094473362 0.061309814453125
63.500000946223736 0.060943603515625
63.60000094771385 0.060577392578125
63.70000094920397 0.060211181640625
63.800000950694084 0.059844970703125
63.9000009521842 0.059478759765625
64.00000095367432 0.059112548828125
64.10000095516443 0.05877685546875
64.20000095665455 0.05841064453125
64.30000095814466 0.058074951171875
64.40000095963478 0.0577392578125
64.5000009611249 0.057373046875
64.60000096261501 0.057037353515625
64.70000096410513 0.05670166015625
64.80000096559525 0.056365966796875
64.90000096708536 0.0560302734375
65.00000096857548 0.05572509765625
65.1000009700656 0.055389404296875
65.20000097155571 0.0550537109375
65.30000097304583 0.054718017578125
65.40000097453594 0.054412841796875
65.50000097602606 0.0540771484375
65.60000097751617 0.05377197265625
65.70000097900629 0.053466796875
65.8000009804964 0.053131103515625
65.90000098198652 0.052825927734375
66.00000098347664 0.052520751953125
66.10000098496675 0.05218505859375
66.20000098645687 0.0518798828125
66.30000098794699 0.05157470703125
66.4000009894371 0.05126953125
66.50000099092722 0.05096435546875
66.60000099241734 0.0506591796875
66.70000099390745 0.05035400390625
66.80000099539757 0.050048828125
66.90000099688768 0.04974365234375
67.0000009983778 0.0494384765625
67.10000099986792 0.04913330078125
67.20000100135803 0.048828125
67.30000100284815 0.04852294921875
67.40000100433826 0.0482177734375
67.50000100582838 0.04791259765625
67.6000010073185 0.047607421875
67.70000100880861 0.04730224609375
67.80000101029873 0.0469970703125
67.90000101178885 0.046722412109375
68.00000101327896 0.046417236328125
68.10000101476908 0.046112060546875
68.2000010162592 0.045806884765625
68.30000101774931 0.0455322265625
68.40000101923943 0.04522705078125
68.50000102072954 0.044921875
68.60000102221966 0.044647216796875
68.70000102370977 0.044342041015625
68.80000102519989 0.0440673828125
68.90000102669 0.04376220703125
69.00000102818012 0.043487548828125
69.10000102967024 0.043182373046875
69.20000103116035 0.04290771484375
69.30000103265047 0.042633056640625
69.40000103414059 0.0423583984375
69.5000010356307 0.04205322265625
69.60000103712082 0.041778564453125
69.70000103861094 0.04150390625
69.80000104010105 0.041229248046875
69.90000104159117 0.04095458984375
70.00000104308128 0.040679931640625
70.1000010445714 0.0404052734375
70.20000104606152 0.040130615234375
70.30000104755163 0.03985595703125
70.40000104904175 0.03961181640625
70.50000105053186 0.039337158203125
70.60000105202198 0.0390625
70.7000010535121 0.038818359375
70.80000105500221 0.038543701171875
70.90000105649233 0.038299560546875
71.00000105798244 0.03802490234375
71.10000105947256 0.03778076171875
71.20000106096268 0.03753662109375
71.3000010624528 0.03729248046875
71.40000106394291 0.03704833984375
71.50000106543303 0.03680419921875
71.60000106692314 0.03656005859375
71.70000106841326 0.03631591796875
71.80000106990337 0.03607177734375
71.90000107139349 0.03582763671875
72.0000010728836 0.03558349609375
72.10000107437372 0.035369873046875
72.20000107586384 0.035125732421875
72.30000107735395 0.034912109375
72.40000107884407 0.03466796875
72.50000108033419 0.034454345703125
72.6000010818243 0.03424072265625
72.70000108331442 0.034027099609375
72.80000108480453 0.0338134765625
72.90000108629465 0.0335693359375
73.00000108778477 0.033355712890625
73.10000108927488 0.033172607421875
73.200001090765 0.032958984375
73.30000109225512 0.032745361328125
73.40000109374523 0.03253173828125
73.50000109523535 0.032318115234375
73.60000109672546 0.032135009765625
73.70000109821558 0.03192138671875
73.8000010997057 0.03173828125
73.90000110119581 0.031524658203125
74.00000110268593 0.031341552734375
74.10000110417604 0.031158447265625
74.20000110566616 0.0309600830078125
74.30000110715628 0.0307769775390625
74.40000110864639 0.0305938720703125
74.50000111013651 0.0303955078125
74.60000111162663 0.03021240234375
74.70000111311674 0.030029296875
74.80000111460686 0.0298614501953125
74.90000111609697 0.0296783447265625
75.00000111758709 0.0294952392578125
75.1000011190772 0.029327392578125
75.20000112056732 0.029144287109375
75.30000112205744 0.0289764404296875
75.40000112354755 0.02880859375
75.50000112503767 0.0286407470703125
75.60000112652779 0.028472900390625
75.7000011280179 0.0283050537109375
75.80000112950802 0.02813720703125
75.90000113099813 0.027984619140625
76.00000113248825 0.0278167724609375
76.10000113397837 0.0276641845703125
76.20000113546848 0.027496337890625
76.3000011369586 0.02734375
76.40000113844872 0.027191162109375
76.50000113993883 0.02703857421875
76.60000114142895 0.026885986328125
76.70000114291906 0.0267333984375
76.80000114440918 0.026580810546875
76.9000011458993 0.02642822265625
77.00000114738941 0.0262908935546875
77.10000114887953 0.0261383056640625
77.20000115036964 0.0260009765625
77.30000115185976 0.0258636474609375
77.40000115334988 0.0257110595703125
77.50000115483999 0.02557373046875
77.60000115633011 0.0254364013671875
77.70000115782022 0.025299072265625
77.80000115931034 0.0251617431640625
77.90000116080046 0.0250244140625
78.00000116229057 0.02490234375
78.10000116378069 0.0247650146484375
78.2000011652708 0.024627685546875
78.30000116676092 0.024505615234375
78.40000116825104 0.0243682861328125
78.50000116974115 0.0242462158203125
78.60000117123127 0.0241241455078125
78.70000117272139 0.0240020751953125
78.8000011742115 0.02386474609375
78.90000117570162 0.02374267578125
79.00000117719173 0.02362060546875
79.10000117868185 0.02349853515625
79.20000118017197 0.0233917236328125
79.30000118166208 0.0232696533203125
79.4000011831522 0.0231475830078125
79.50000118464231 0.0230255126953125
79.60000118613243 0.022918701171875
79.70000118762255 0.022796630859375
79.80000118911266 0.0226898193359375
79.90000119060278 0.0225677490234375
80.0000011920929 0.0224609375
80.10000119358301 0.0223541259765625
80.20000119507313 0.022247314453125
80.30000119656324 0.022125244140625
80.40000119805336 0.0220184326171875
80.50000119954348 0.02191162109375
80.60000120103359 0.0218048095703125
80.70000120252371 0.021697998046875
80.80000120401382 0.0216064453125
80.90000120550394 0.0214996337890625
81.00000120699406 0.021392822265625
81.10000120848417 0.0212860107421875
81.20000120997429 0.0211944580078125
81.3000012114644 0.021087646484375
81.40000121295452 0.0209808349609375
81.50000121444464 0.0208892822265625
81.60000121593475 0.020782470703125
81.70000121742487 0.02069091796875
81.80000121891499 0.020599365234375
81.9000012204051 0.0204925537109375
82.00000122189522 0.0204010009765625
82.10000122338533 0.0203094482421875
82.20000122487545 0.0202178955078125
82.30000122636557 0.0201263427734375
82.40000122785568 0.0200347900390625
82.5000012293458 0.0199432373046875
82.60000123083591 0.0198516845703125
82.70000123232603 0.0197601318359375
82.80000123381615 0.0196685791015625
82.90000123530626 0.0195770263671875
83.00000123679638 0.0194854736328125
83.1000012382865 0.0193939208984375
83.20000123977661 0.019317626953125
83.30000124126673 0.01922607421875
83.40000124275684 0.019134521484375
83.50000124424696 0.0190582275390625
83.60000124573708 0.0189666748046875
83.70000124722719 0.018890380859375
83.80000124871731 0.018798828125
83.90000125020742 0.0187225341796875
84.00000125169754 0.0186309814453125
84.10000125318766 0.0185546875
84.20000125467777 0.018463134765625
84.30000125616789 0.0183868408203125
84.400001257658 0.018310546875
84.50000125914812 0.0182342529296875
84.60000126063824 0.0181427001953125
84.70000126212835 0.01806640625
84.80000126361847 0.0179901123046875
84.90000126510859 0.017913818359375
85.0000012665987 0.0178375244140625
85.10000126808882 0.01776123046875
85.20000126957893 0.0176849365234375
85.30000127106905 0.017608642578125
85.40000127255917 0.0175323486328125
85.50000127404928 0.0174560546875
85.6000012755394 0.0173797607421875
85.70000127702951 0.017303466796875
85.80000127851963 0.0172271728515625
85.90000128000975 0.01715087890625
86.00000128149986 0.01708984375
86.10000128298998 0.0170135498046875
86.2000012844801 0.016937255859375
86.30000128597021 0.0168609619140625
86.40000128746033 0.0167999267578125
86.50000128895044 0.0167236328125
86.60000129044056 0.0166473388671875
86.70000129193068 0.0165863037109375
86.80000129342079 0.016510009765625
86.90000129491091 0.0164337158203125
87.00000129640102 0.0163726806640625
87.10000129789114 0.01629638671875
87.20000129938126 0.0162353515625
87.30000130087137 0.0161590576171875
87.40000130236149 0.0160980224609375
87.5000013038516 0.016021728515625
87.60000130534172 0.015960693359375
87.70000130683184 0.0158843994140625
87.80000130832195 0.0158233642578125
87.90000130981207 0.0157470703125
88.00000131130219 0.01568603515625
88.1000013127923 0.015625
88.20000131428242 0.01555633544921875
88.30000131577253 0.0154876708984375
88.40000131726265 0.01541900634765625
88.50000131875277 0.01535797119140625
88.60000132024288 0.015289306640625
88.700001321733 0.01522064208984375
88.80000132322311 0.01515960693359375
88.90000132471323 0.0150909423828125
89.00000132620335 0.01502227783203125
89.10000132769346 0.01496124267578125
89.20000132918358 0.014892578125
89.3000013306737 0.01482391357421875
89.40000133216381 0.01476287841796875
89.50000133365393 0.0146942138671875
89.60000133514404 0.0146331787109375
89.70000133663416 0.01456451416015625
89.80000133812428 0.01450347900390625
89.90000133961439 0.014434814453125
90.00000134110451 0.014373779296875
90.10000134259462 0.01430511474609375
90.20000134408474 0.01424407958984375
90.30000134557486 0.0141754150390625
90.40000134706497 0.0141143798828125
90.50000134855509 0.01404571533203125
90.6000013500452 0.01398468017578125
90.70000135153532 0.013916015625
90.80000135302544 0.01385498046875
90.90000135451555 0.0137939453125
91.00000135600567 0.01372528076171875
91.10000135749578 0.01366424560546875
91.2000013589859 0.0135955810546875
91.30000136047602 0.0135345458984375
91.40000136196613 0.0134735107421875
91.50000136345625 0.01340484619140625
91.60000136494637 0.01334381103515625
91.70000136643648 0.01328277587890625
91.8000013679266 0.013214111328125
91.90000136941671 0.013153076171875
92.00000137090683 0.013092041015625
92.10000137239695 0.013031005859375
92.20000137388706 0.01296234130859375
92.30000137537718 0.01290130615234375
92.4000013768673 0.01284027099609375
92.50000137835741 0.01277923583984375
92.60000137984753 0.0127105712890625
92.70000138133764 0.0126495361328125
92.80000138282776 0.0125885009765625
92.90000138431787 0.0125274658203125
93.00000138580799 0.01245880126953125
93.10000138729811 0.01239776611328125
93.20000138878822 0.01233673095703125
93.30000139027834 0.01227569580078125
93.40000139176846 0.01221466064453125
93.50000139325857 0.01215362548828125
93.60000139474869 0.0120849609375
93.7000013962388 0.01202392578125
93.80000139772892 0.011962890625
93.90000139921904 0.01190185546875
94.00000140070915 0.0118408203125
94.10000140219927 0.01177978515625
94.20000140368938 0.01171875
94.3000014051795 0.01165771484375
94.40000140666962 0.0115966796875
94.50000140815973 0.01152801513671875
94.60000140964985 0.01146697998046875
