files/ref_ps.ecsv
# %ECSV 1.0
# ---
# datatype:
# - {name: time_ns, datatype: float64}
# - {name: signal_pe, datatype: float64}
# schema: astropy-2.0
time_ns signal_pe
[from data line 1354]
135.40000201761723 0.0006947517395019531
135.50000201910734 0.0006818771362304688
135.60000202059746 0.0006690025329589844
135.70000202208757 0.0006561279296875
135.8000020235777 0.0006432533264160156
135.9000020250678 0.0006308555603027344
136.00000202655792 0.00061798095703125
136.10000202804804 0.0006055831909179688
136.20000202953815 0.0005931854248046875
136.30000203102827 0.0005807876586914062
136.4000020325184 0.0005688667297363281
136.5000020340085 0.0005564689636230469
136.60000203549862 0.0005445480346679688
136.70000203698874 0.0005326271057128906
136.80000203847885 0.0005207061767578125
136.90000203996897 0.0005092620849609375
137.00000204145908 0.0004973411560058594
137.1000020429492 0.0004858970642089844
137.20000204443932 0.0004744529724121094
137.30000204592943 0.00046324729919433594
137.40000204741955 0.0004520416259765625
137.50000204890966 0.00044083595275878906
137.60000205039978 0.0004298686981201172
137.7000020518899 0.0004189014434814453
137.80000205338 0.000408172607421875
137.90000205487013 0.0003974437713623047
138.00000205636024 0.00038695335388183594
138.10000205785036 0.0003764629364013672
138.20000205934048 0.0003662109375
138.3000020608306 0.0003559589385986328
138.4000020623207 0.0003457069396972656
138.50000206381083 0.000335693359375
138.60000206530094 0.00032591819763183594
138.70000206679106 0.0003161430358886719
138.80000206828117 0.0003066062927246094
138.9000020697713 0.0002970695495605469
139.0000020712614 0.0002875328063964844
139.10000207275152 0.000278472900390625
139.20000207424164 0.00026917457580566406
139.30000207573175 0.00026035308837890625
139.40000207722187 0.0002512931823730469
139.500002078712 0.00024271011352539062
139.6000020802021 0.00023412704467773438
139.70000208169222 0.0002256631851196289
139.80000208318233 0.00021731853485107422
139.90000208467245 0.0002090930938720703
140.00000208616257 0.0002009868621826172
140.10000208765268 0.00019311904907226562
140.2000020891428 0.00018537044525146484
140.30000209063292 0.00017762184143066406
140.40000209212303 0.00017011165618896484
140.50000209361315 0.0001628398895263672
140.60000209510326 0.00015556812286376953
140.70000209659338 0.00014853477478027344
140.8000020980835 0.00014162063598632812
140.9000020995736 0.0001348257064819336
141.00000210106373 0.00012814998626708984
141.10000210255384 0.00012177228927612305
141.20000210404396 0.00011545419692993164
141.30000210553408 0.00010925531387329102
141.4000021070242 0.00010329484939575195
141.5000021085143 9.739398956298828e-05
141.60000211000443 9.173154830932617e-05
141.70000211149454 8.618831634521484e-05
141.80000211298466 8.082389831542969e-05
141.90000211447477 7.557868957519531e-05
142.0000021159649 7.051229476928711e-05
142.100002117455 6.562471389770508e-05
142.20000211894512 6.091594696044922e-05
142.30000212043524 5.632638931274414e-05
142.40000212192535 5.1975250244140625e-05
142.50000212341547 4.774332046508789e-05
142.6000021249056 4.369020462036133e-05
142.7000021263957 3.981590270996094e-05
142.80000212788582 3.606081008911133e-05
142.90000212937593 3.254413604736328e-05
143.00000213086605 2.9206275939941406e-05
143.10000213235617 2.5987625122070312e-05
143.20000213384628 2.300739288330078e-05
143.3000021353364 2.014636993408203e-05
143.40000213682652 1.7523765563964844e-05
143.50000213831663 1.5020370483398438e-05
143.60000213980675 1.2755393981933594e-05
143.70000214129686 1.0669231414794922e-05
143.80000214278698 8.702278137207031e-06
143.9000021442771 6.973743438720703e-06
144.0000021457672 5.424022674560547e-06
144.10000214725733 4.112720489501953e-06
144.20000214874744 2.9206275939941406e-06
144.30000215023756 1.9669532775878906e-06
144.40000215172768 1.1920928955078125e-06
144.5000021532178 5.960464477539062e-07
144.6000021547079 1.7881393432617188e-07
144.70000215619802 0.0
144.80000215768814 0.0
144.90000215917826 0.0
145.00000216066837 0.0
145.1000021621585 0.0
145.2000021636486 0.0
145.30000216513872 0.0
145.40000216662884 0.0
145.50000216811895 0.0
145.60000216960907 0.0
145.7000021710992 0.0
145.8000021725893 0.0
145.90000217407942 0.0
146.00000217556953 0.0
146.10000217705965 0.0
146.20000217854977 0.0
146.30000218003988 0.0
146.40000218153 0.0
146.50000218302011 0.0
146.60000218451023 0.0
146.70000218600035 0.0
146.80000218749046 0.0
146.90000218898058 0.0
147.0000021904707 0.0
147.1000021919608 0.0
147.20000219345093 0.0
147.30000219494104 0.0
147.40000219643116 0.0
147.50000219792128 0.0
147.6000021994114 0.0
147.7000022009015 0.0
147.80000220239162 0.0
147.90000220388174 0.0
